100683
103889
104156
104338
104383
104394
106021
106298
107182
107503
107586
107751
107889
107951
108098
108143
108655
109181
109663
109889
110521
110784
110794
114142
114606
114741
114889
11614
11622
11634
116870
11819
11835
118445
11859
11863
11864
11865
11878
11909
11910
11911
11921
11922
11925
12013
12014
12017
12020
12023
12034
12051
12053
12142
12151
12224
12265
12355
12387
12393
12394
12395
12398
12399
12575
12578
12590
12591
12606
12607
12608
12609
12677
12705
12753
12848
12912
12913
12916
12951
13017
13018
13047
13048
13163
13170
13180
13197
13198
13205
13207
13345
13392
13393
13394
13395
13496
13555
13653
13654
13656
13661
13709
13710
13711
13712
13713
13714
13798
13799
13813
13819
13864
13865
13875
13982
13983
14009
14013
14030
140477
14056
14106
14200
14233
14235
14237
14238
14241
14247
14281
14282
14283
14284
14357
14390
14460
14461
14462
14463
14464
14465
14472
14531
14534
14536
14581
14632
14633
14634
14797
14815
14836
14842
14843
14884
14885
14886
15110
15111
15161
15182
15183
15184
15185
15206
15207
15208
15220
15221
15227
15228
15229
15242
15248
15251
15273
15289
15361
15370
15372
15375
15376
15378
15379
15384
15387
15394
15395
15396
15399
15400
15402
15404
15405
15407
15408
15410
15412
15413
15415
15416
15417
15423
15425
15430
15433
15434
15436
15438
15499
15900
16362
16363
16391
16476
16477
16478
16596
16597
16600
16601
16658
16764
16814
16842
16869
16870
16871
16917
170574
170767
170787
170826
17119
17133
17134
17135
17172
17187
17188
17190
17191
17257
17258
17259
17261
17268
17285
17286
17293
17300
17342
17420
17425
17428
17536
17684
17701
17702
17764
17859
17864
17869
17876
17878
17927
17928
17932
17933
17978
17979
18012
18013
18018
18019
18021
18022
18023
18024
18025
18027
18029
18030
18032
18033
18034
18044
18045
18046
18071
18072
18091
18092
18094
18095
18096
18124
18131
18142
18143
18148
18171
18185
18227
18426
18503
18504
18505
18506
18507
18508
18509
18510
18511
18514
18516
18609
18612
18667
18740
18741
18742
18771
18854
18933
18935
18985
18986
18987
18991
18992
18994
18996
18998
18999
19009
19013
19015
19016
19127
19213
19290
19291
19401
19411
19434
195733
19645
19664
19668
19696
19697
19698
19712
19724
19725
19727
19763
19821
19883
19989
20017
20020
20022
20024
20181
20182
20185
20186
20204
20230
20371
20375
20465
20466
20467
20471
20472
20473
20474
20482
20583
20587
20613
20664
20665
20666
20671
20672
20674
20675
20678
20679
20680
20682
20683
20684
20687
20688
207165
20728
20787
20807
20833
20846
20848
20849
20850
20851
20852
208677
208727
20893
20924
209361
20937
209446
209448
20997
210126
211323
211329
21339
21341
21343
21349
21375
21380
21385
21386
21388
21389
21400
21405
21406
21408
21410
21411
21413
21414
21415
21416
214162
21417
21418
21419
21422
21423
21428
21429
214899
215031
216285
21665
21674
21676
21677
21678
21679
21685
216874
217082
217166
21780
21781
21804
21815
21833
21834
21847
21849
21869
218772
21885
21907
21908
21909
22025
22026
22032
22059
22130
22160
22221
22259
22260
22278
22282
22286
223227
22337
22344
223922
22431
22433
224691
224903
225631
225872
225998
22608
22632
22634
22642
22661
22666
22697
22724
22751
22761
227644
22771
22772
22773
22778
22780
228869
229004
229542
229615
229906
231329
232286
232791
232906
233863
233908
234219
235320
238247
23857
23871
23872
23894
23942
23958
239719
23988
23989
239985
24068
24074
24136
242705
243833
244219
244349
245583
245688
260298
26379
26380
26381
26386
264064
26423
26424
26427
268417
26910
26927
26992
27049
27056
27057
270627
27176
27217
272382
30051
30927
319944
328572
329934
332937
378435
381463
433759
50496
50524
50794
50907
50913
50914
52615
52679
53314
54123
54131
54343
54446
544971
55942
55994
56218
56222
56233
56353
56458
56461
56469
56484
56501
56711
56736
56805
56809
57080
57246
57376
57765
58172
58198
58805
59004
60611
627232
64144
65100
66277
66354
66464
66556
66596
67155
67733
68750
68776
69090
69257
70122
70315
71722
71828
71950
72308
72504
72949
73181
74120
74123
74164
75605
75901
77044
78284
79221
79362
79401
81703
83797
83993
84505
84704
93691
93760
94187
94246
94353
97064
97165
99377
